%YAML:1.0
---
armor_descriptor: !!opencv-object-detector-hog
   winSize: [ 56, 24 ]
   blockSize: [ 16, 16 ]
   blockStride: [ 8, 8 ]
   cellSize: [ 8, 8 ]
   nbins: 9
   derivAperture: 1
   winSigma: 4.
   histogramNormType: 0
   L2HysThreshold: 2.0000000000000001e-01
   gammaCorrection: 1
   nlevels: 64
   signedGradient: 0
   SVMDetector: [ 7.22363964e-02, 6.49849400e-02, 1.38773806e-02,
       -2.64074113e-02, -9.36931521e-02, -9.13931802e-02,
       -9.30323079e-02, -6.89036325e-02, 1.60552971e-02, 3.13548706e-02,
       2.85982396e-02, 1.06043806e-02, -4.82841618e-02, -1.03826173e-01,
       -9.03447866e-02, -8.63901824e-02, -4.48420690e-03, 8.20533559e-03,
       3.94534469e-02, 4.75578085e-02, 5.45420637e-03, -5.13557578e-03,
       -7.18092620e-02, -9.52489153e-02, -1.06886983e-01,
       -9.43974555e-02, -2.19781976e-02, -2.43569408e-02, 2.31888075e-03,
       1.80570297e-02, -2.30871364e-02, -8.75240117e-02, -9.04281810e-02,
       -8.50877762e-02, -2.35071387e-02, -3.50487791e-02, 2.12475471e-02,
       4.44058934e-03, -3.55123729e-02, -5.91271482e-02, -9.79771316e-02,
       -7.81072825e-02, -7.01712584e-03, 2.84571983e-02, 2.99274232e-02,
       1.90809909e-02, -5.73039427e-02, -1.06016949e-01, -1.07653245e-01,
       -1.16618358e-01, -6.99095950e-02, 6.04585707e-02, 7.49427304e-02,
       5.23310825e-02, -3.33141349e-02, -1.18327634e-02, -2.76649743e-02,
       -5.77296950e-02, -9.39583331e-02, -6.63277954e-02, 1.87063143e-02,
       1.81880258e-02, -2.53431723e-02, -1.30282538e-02, -7.38024265e-02,
       -1.20789059e-01, -1.25076398e-01, -1.08301535e-01,
       -2.84921080e-02, 3.94708291e-02, 3.74221317e-02, 4.35565924e-03,
       1.64344627e-02, 3.85451838e-02, 3.28374617e-02, 1.71814617e-02,
       -3.25306244e-02, -7.42669851e-02, -1.01969682e-01,
       -9.46295187e-02, -4.50440906e-02, -5.06167710e-02,
       -8.98857322e-03, 2.16013510e-02, 1.21636607e-03, -4.49147001e-02,
       -5.51452823e-02, -5.10895811e-02, -1.99964754e-02,
       -5.70882894e-02, -2.49144039e-03, 5.82617447e-02, 4.17924821e-02,
       2.95900553e-02, 6.30901614e-03, -2.60010436e-02, -1.05708249e-01,
       -9.44608748e-02, -5.63854538e-02, -2.34296024e-02, 6.70659821e-03,
       1.69543214e-02, 4.56141541e-04, 1.46273791e-03, -1.87464468e-02,
       -2.59413701e-02, -3.18536237e-02, -2.74672545e-02,
       -4.02196869e-02, 4.53563640e-03, -1.86784696e-02, -3.64203937e-02,
       -5.85473441e-02, -2.68988982e-02, 3.70107181e-02, 2.52100304e-02,
       -5.19294664e-02, -2.86362898e-02, -4.98645417e-02,
       -8.89953375e-02, -1.00986078e-01, -7.41074383e-02,
       -2.58540409e-03, 5.27051911e-02, 2.37550233e-02, -2.10683104e-02,
       -2.76092123e-02, 7.41399918e-03, -2.20547132e-02, -3.16111445e-02,
       -3.86732630e-02, 3.70058173e-04, 3.88016738e-02, 1.48787163e-02,
       -2.58445572e-02, -4.52764519e-02, -4.31181453e-02,
       -7.79211298e-02, -7.13353306e-02, -3.09604667e-02, 2.00281870e-02,
       5.21455184e-02, 1.07698515e-02, -2.72128005e-02, -1.26965633e-02,
       5.06863222e-02, 3.57166603e-02, 2.59528738e-02, 1.56758241e-02,
       2.08212361e-02, -4.90364283e-02, -7.81061947e-02, -6.50308058e-02,
       -2.26341635e-02, 9.10296384e-03, 2.78748598e-06, -6.65208930e-03,
       -5.15379070e-04, 9.88316815e-03, 1.02653187e-02, -2.40325518e-02,
       -2.77106427e-02, -3.53356078e-02, 1.44025506e-02, 9.15122777e-03,
       -1.59534793e-02, -1.46445967e-02, 2.93210056e-02, 1.28389196e-02,
       -3.96131501e-02, -6.45289868e-02, -5.63687310e-02,
       -1.55334035e-02, -1.08090928e-02, -3.85000557e-02,
       -2.92527787e-02, 2.62306836e-02, 3.34346555e-02, 9.27448564e-05,
       -5.10296300e-02, -2.00349391e-02, 6.82990020e-03, -1.86803881e-02,
       -3.15834358e-02, -2.67987959e-02, 1.75985023e-02, 4.94960248e-02,
       3.32963578e-02, -1.87775474e-02, -3.21891084e-02, -2.08976232e-02,
       -3.21444646e-02, -3.50686610e-02, -1.92434024e-02, 2.70219631e-02,
       3.93939540e-02, 5.96771017e-03, -2.49794684e-02, -4.98822182e-02,
       -8.27907026e-03, -1.73050296e-02, -3.05016823e-02,
       -3.61818485e-02, 4.21088897e-02, 3.85717526e-02, 5.12351049e-03,
       -4.22962606e-02, -4.89199758e-02, -2.59497911e-02,
       -1.72222275e-02, -2.08186042e-02, -2.11315695e-02, 2.04809383e-02,
       3.63482162e-02, -2.09193882e-02, -5.70847131e-02, -5.54616936e-02,
       -5.29030012e-03, -3.88834998e-03, -2.61434019e-02,
       -1.57396309e-02, 4.68978006e-03, 3.41741629e-02, 1.15637691e-03,
       -5.06912023e-02, -7.37018958e-02, -7.74333207e-03,
       -1.34324729e-02, -1.70109868e-02, -2.82248459e-03, 1.48484539e-02,
       2.66087912e-02, 3.16308881e-03, -5.37951775e-02, -7.53131360e-02,
       -5.32975011e-02, -3.82349044e-02, -2.61433050e-02,
       -3.34438905e-02, 2.41454802e-02, 4.43020202e-02, 5.78339323e-02,
       -5.67861018e-04, -7.08231926e-02, -2.68976465e-02,
       -2.18287837e-02, -1.14479391e-02, -2.42545251e-02, 1.80036575e-02,
       1.46392081e-02, 2.10311301e-02, -3.31765562e-02, -6.68646023e-02,
       -1.87955927e-02, -1.28931291e-02, -2.14069653e-02,
       -1.00389449e-02, 3.13247964e-02, 1.14795649e-02, -2.17647497e-02,
       -4.94472384e-02, -6.35240600e-02, -1.85122062e-02,
       -1.07047688e-02, -3.55914459e-02, 1.90935691e-03, 1.79245323e-02,
       -1.01442207e-02, -4.04741243e-02, -5.33358864e-02,
       -4.01695259e-02, -2.15403121e-02, -1.60321500e-02,
       -7.56744668e-03, -5.08837542e-03, -1.07801054e-02,
       -2.16440540e-02, 1.13780163e-02, -2.31155585e-02, -1.38003081e-02,
       -1.16894348e-02, -2.50768848e-03, -1.60765164e-02,
       -2.18483973e-02, -1.22454511e-02, -5.89973554e-02,
       -1.22160986e-02, -2.23370846e-02, -6.33699894e-02,
       -7.82085285e-02, -6.03748038e-02, -4.98173349e-02,
       -2.37990376e-02, 3.59398164e-02, 4.84853052e-02, 6.72569424e-02,
       4.09012139e-02, -2.92313565e-02, -2.97013652e-02, -3.27799283e-02,
       -4.55829091e-02, -3.77717130e-02, 4.48829168e-03, 1.71936881e-02,
       2.98446659e-02, 2.70437729e-03, -8.00860971e-02, -9.32834670e-02,
       -8.84605050e-02, -7.03100860e-02, -4.56826985e-02, 2.98970286e-02,
       6.29139394e-02, 6.23551309e-02, 5.82523225e-03, -3.96313407e-02,
       -3.73339131e-02, -4.99911234e-02, -6.43261224e-02,
       -7.45964646e-02, -2.91916113e-02, 1.23258634e-02, 2.67477543e-03,
       -2.96194702e-02, -3.00671924e-02, -1.77542139e-02,
       -2.56388579e-02, -6.66360930e-03, -2.93070488e-02,
       -4.63434793e-02, -1.62676517e-02, 5.39418403e-03, -6.52783038e-03,
       1.04277171e-02, 4.94479621e-03, 1.17905100e-03, 1.18177189e-02,
       -3.34246829e-02, -6.36336729e-02, -6.84008971e-02,
       -2.41890755e-02, -5.02837542e-03, -2.76914090e-02,
       -1.34131033e-02, -8.00933130e-03, -1.45440027e-02,
       -7.41788372e-02, -6.73344061e-02, -3.85870896e-02,
       -1.11875925e-02, -2.06345059e-02, 1.90325696e-02, 1.10121630e-02,
       1.69937033e-02, -4.59653605e-03, -5.34613766e-02, -1.02314845e-01,
       -9.50274393e-02, -4.87537906e-02, -2.19419580e-02,
       -3.34318094e-02, -8.33577886e-02, -8.44967067e-02,
       -8.38413835e-02, -8.01659822e-02, 7.06343725e-03, 5.29920831e-02,
       6.91943839e-02, 1.50073683e-02, -2.92965472e-02, -2.87191775e-02,
       -5.57733588e-02, -7.86737949e-02, -9.73100215e-02,
       -6.30374700e-02, -1.28526306e-02, -6.49135280e-03,
       -2.04698015e-02, 3.87421250e-02, -4.15330194e-02, -7.75726810e-02,
       -8.89958516e-02, -1.00672275e-01, -1.98356863e-02, 5.26633151e-02,
       1.03884891e-01, 8.62231180e-02, 3.72870788e-02, -3.19133513e-04,
       -5.70928678e-02, -9.75858718e-02, -1.17152192e-01,
       -8.73675644e-02, -2.79888837e-03, 2.93079130e-02, 6.34397343e-02,
       -2.44315043e-02, -2.71617412e-03, -4.56691952e-03,
       -4.06275764e-02, -9.43546146e-02, -8.82219672e-02,
       -6.14433438e-02, 8.06817785e-03, -5.25173778e-03, 1.98132452e-02,
       1.53194070e-02, 3.10206357e-02, -9.30236466e-03, -8.84831771e-02,
